digraph {
	"((1, 2, 3), (8, 5, 6), (4, 7, 0))" [label="1 2 3
8 5 6
4 7  
g=0, h=4" shape=box]
	"((1, 2, 3), (8, 5, 0), (4, 7, 6))" [label="1 2 3
8 5  
4 7 6
g=1, h=5" shape=box]
	"((1, 2, 3), (8, 5, 6), (4, 7, 0))" -> "((1, 2, 3), (8, 5, 0), (4, 7, 6))" [label="g+h=1+5"]
	"((1, 2, 3), (8, 5, 6), (4, 0, 7))" [label="1 2 3
8 5 6
4   7
g=1, h=5" shape=box]
	"((1, 2, 3), (8, 5, 6), (4, 7, 0))" -> "((1, 2, 3), (8, 5, 6), (4, 0, 7))" [label="g+h=1+5"]
	"((1, 2, 0), (8, 5, 3), (4, 7, 6))" [label="1 2  
8 5 3
4 7 6
g=2, h=6" shape=box]
	"((1, 2, 3), (8, 5, 0), (4, 7, 6))" -> "((1, 2, 0), (8, 5, 3), (4, 7, 6))" [label="g+h=2+6"]
	"((1, 2, 3), (8, 0, 5), (4, 7, 6))" [label="1 2 3
8   5
4 7 6
g=2, h=6" shape=box]
	"((1, 2, 3), (8, 5, 0), (4, 7, 6))" -> "((1, 2, 3), (8, 0, 5), (4, 7, 6))" [label="g+h=2+6"]
	"((1, 2, 3), (8, 0, 6), (4, 5, 7))" [label="1 2 3
8   6
4 5 7
g=2, h=6" shape=box]
	"((1, 2, 3), (8, 5, 6), (4, 0, 7))" -> "((1, 2, 3), (8, 0, 6), (4, 5, 7))" [label="g+h=2+6"]
	"((1, 2, 3), (8, 5, 6), (0, 4, 7))" [label="1 2 3
8 5 6
  4 7
g=2, h=6" shape=box]
	"((1, 2, 3), (8, 5, 6), (4, 0, 7))" -> "((1, 2, 3), (8, 5, 6), (0, 4, 7))" [label="g+h=2+6"]
	"((1, 0, 2), (8, 5, 3), (4, 7, 6))" [label="1   2
8 5 3
4 7 6
g=3, h=7" shape=box]
	"((1, 2, 0), (8, 5, 3), (4, 7, 6))" -> "((1, 0, 2), (8, 5, 3), (4, 7, 6))" [label="g+h=3+7"]
	"((1, 0, 3), (8, 2, 5), (4, 7, 6))" [label="1   3
8 2 5
4 7 6
g=3, h=7" shape=box]
	"((1, 2, 3), (8, 0, 5), (4, 7, 6))" -> "((1, 0, 3), (8, 2, 5), (4, 7, 6))" [label="g+h=3+7"]
	"((1, 2, 3), (8, 7, 5), (4, 0, 6))" [label="1 2 3
8 7 5
4   6
g=3, h=7" shape=box]
	"((1, 2, 3), (8, 0, 5), (4, 7, 6))" -> "((1, 2, 3), (8, 7, 5), (4, 0, 6))" [label="g+h=3+7"]
	"((1, 2, 3), (0, 8, 5), (4, 7, 6))" [label="1 2 3
  8 5
4 7 6
g=3, h=5" shape=box]
	"((1, 2, 3), (8, 0, 5), (4, 7, 6))" -> "((1, 2, 3), (0, 8, 5), (4, 7, 6))" [label="g+h=3+5"]
	"((0, 2, 3), (1, 8, 5), (4, 7, 6))" [label="  2 3
1 8 5
4 7 6
g=4, h=6" shape=box]
	"((1, 2, 3), (0, 8, 5), (4, 7, 6))" -> "((0, 2, 3), (1, 8, 5), (4, 7, 6))" [label="g+h=4+6"]
	"((1, 2, 3), (4, 8, 5), (0, 7, 6))" [label="1 2 3
4 8 5
  7 6
g=4, h=4" shape=box]
	"((1, 2, 3), (0, 8, 5), (4, 7, 6))" -> "((1, 2, 3), (4, 8, 5), (0, 7, 6))" [label="g+h=4+4"]
	"((1, 2, 3), (4, 8, 5), (7, 0, 6))" [label="1 2 3
4 8 5
7   6
g=5, h=3" shape=box]
	"((1, 2, 3), (4, 8, 5), (0, 7, 6))" -> "((1, 2, 3), (4, 8, 5), (7, 0, 6))" [label="g+h=5+3"]
	"((1, 2, 3), (4, 0, 5), (7, 8, 6))" [label="1 2 3
4   5
7 8 6
g=6, h=2" shape=box]
	"((1, 2, 3), (4, 8, 5), (7, 0, 6))" -> "((1, 2, 3), (4, 0, 5), (7, 8, 6))" [label="g+h=6+2"]
	"((1, 2, 3), (4, 8, 5), (7, 6, 0))" [label="1 2 3
4 8 5
7 6  
g=6, h=4" shape=box]
	"((1, 2, 3), (4, 8, 5), (7, 0, 6))" -> "((1, 2, 3), (4, 8, 5), (7, 6, 0))" [label="g+h=6+4"]
	"((1, 0, 3), (4, 2, 5), (7, 8, 6))" [label="1   3
4 2 5
7 8 6
g=7, h=3" shape=box]
	"((1, 2, 3), (4, 0, 5), (7, 8, 6))" -> "((1, 0, 3), (4, 2, 5), (7, 8, 6))" [label="g+h=7+3"]
	"((1, 2, 3), (0, 4, 5), (7, 8, 6))" [label="1 2 3
  4 5
7 8 6
g=7, h=3" shape=box]
	"((1, 2, 3), (4, 0, 5), (7, 8, 6))" -> "((1, 2, 3), (0, 4, 5), (7, 8, 6))" [label="g+h=7+3"]
	"((1, 2, 3), (4, 5, 0), (7, 8, 6))" [label="1 2 3
4 5  
7 8 6
g=7, h=1" shape=box]
	"((1, 2, 3), (4, 0, 5), (7, 8, 6))" -> "((1, 2, 3), (4, 5, 0), (7, 8, 6))" [label="g+h=7+1"]
	"((1, 2, 0), (4, 5, 3), (7, 8, 6))" [label="1 2  
4 5 3
7 8 6
g=8, h=2" shape=box]
	"((1, 2, 3), (4, 5, 0), (7, 8, 6))" -> "((1, 2, 0), (4, 5, 3), (7, 8, 6))" [label="g+h=8+2"]
	"((1, 2, 3), (4, 5, 6), (7, 8, 0))" [label="1 2 3
4 5 6
7 8  
g=8, h=0" shape=box]
	"((1, 2, 3), (4, 5, 0), (7, 8, 6))" -> "((1, 2, 3), (4, 5, 6), (7, 8, 0))" [label="g+h=8+0"]
}
